A = [1, 2, 3];
A[1] = 1.0;
X = [1, 2, 3, 4];
X[0:3] = A;
